0 0.689273 0.367117 0.279846 0.430931
0 0.745124 0.506006 0.054669 0.0444444
0 0.682476 0.508559 0.135638 0.0603604
0 0.287382 0.36997 0.259161 0.425826
0 0.301123 0.223724 0.0856974 0.241441
0 0.499409 0.374174 0.11052 0.251051
0 0.273641 0.457658 0.072695 0.118919
0 0.482713 0.508258 0.132092 0.057958
0 0.702571 0.374474 0.113771 0.252853
0 0.320035 0.507808 0.105201 0.0468468
0 0.302009 0.377027 0.102837 0.257357
0 0.689273 0.367117 0.279846 0.430931
0 0.745124 0.506006 0.054669 0.0444444
0 0.682476 0.508559 0.135638 0.0603604
0 0.287382 0.36997 0.259161 0.425826
0 0.301123 0.223724 0.0856974 0.241441
0 0.499409 0.374174 0.11052 0.251051
0 0.273641 0.457658 0.072695 0.118919
0 0.482713 0.508258 0.132092 0.057958
0 0.702571 0.374474 0.113771 0.252853
0 0.320035 0.507808 0.105201 0.0468468
0 0.302009 0.377027 0.102837 0.257357
0 0.689273 0.367117 0.279846 0.430931
0 0.745124 0.506006 0.054669 0.0444444
0 0.682476 0.508559 0.135638 0.0603604
0 0.287382 0.36997 0.259161 0.425826
0 0.301123 0.223724 0.0856974 0.241441
0 0.499409 0.374174 0.11052 0.251051
0 0.273641 0.457658 0.072695 0.118919
0 0.482713 0.508258 0.132092 0.057958
0 0.702571 0.374474 0.113771 0.252853
0 0.320035 0.507808 0.105201 0.0468468
0 0.302009 0.377027 0.102837 0.257357
0 0.689273 0.367117 0.279846 0.430931
0 0.745124 0.506006 0.054669 0.0444444
0 0.682476 0.508559 0.135638 0.0603604
0 0.287382 0.36997 0.259161 0.425826
0 0.301123 0.223724 0.0856974 0.241441
0 0.499409 0.374174 0.11052 0.251051
0 0.273641 0.457658 0.072695 0.118919
0 0.482713 0.508258 0.132092 0.057958
0 0.702571 0.374474 0.113771 0.252853
0 0.320035 0.507808 0.105201 0.0468468
0 0.302009 0.377027 0.102837 0.257357
0 0.689273 0.367117 0.279846 0.430931
0 0.745124 0.506006 0.054669 0.0444444
0 0.682476 0.508559 0.135638 0.0603604
0 0.287382 0.36997 0.259161 0.425826
0 0.301123 0.223724 0.0856974 0.241441
0 0.499409 0.374174 0.11052 0.251051
0 0.273641 0.457658 0.072695 0.118919
0 0.482713 0.508258 0.132092 0.057958
0 0.702571 0.374474 0.113771 0.252853
0 0.320035 0.507808 0.105201 0.0468468
0 0.302009 0.377027 0.102837 0.257357
0 0.689273 0.367117 0.279846 0.430931
0 0.745124 0.506006 0.054669 0.0444444
0 0.682476 0.508559 0.135638 0.0603604
0 0.287382 0.36997 0.259161 0.425826
0 0.301123 0.223724 0.0856974 0.241441
0 0.499409 0.374174 0.11052 0.251051
0 0.273641 0.457658 0.072695 0.118919
0 0.482713 0.508258 0.132092 0.057958
0 0.702571 0.374474 0.113771 0.252853
0 0.320035 0.507808 0.105201 0.0468468
0 0.302009 0.377027 0.102837 0.257357
0 0.689273 0.367117 0.279846 0.430931
0 0.745124 0.506006 0.054669 0.0444444
0 0.682476 0.508559 0.135638 0.0603604
0 0.287382 0.36997 0.259161 0.425826
0 0.301123 0.223724 0.0856974 0.241441
0 0.499409 0.374174 0.11052 0.251051
0 0.273641 0.457658 0.072695 0.118919
0 0.482713 0.508258 0.132092 0.057958
0 0.702571 0.374474 0.113771 0.252853
0 0.320035 0.507808 0.105201 0.0468468
0 0.302009 0.377027 0.102837 0.257357
0 0.689273 0.367117 0.279846 0.430931
0 0.745124 0.506006 0.054669 0.0444444
0 0.682476 0.508559 0.135638 0.0603604
0 0.287382 0.36997 0.259161 0.425826
0 0.301123 0.223724 0.0856974 0.241441
0 0.499409 0.374174 0.11052 0.251051
0 0.273641 0.457658 0.072695 0.118919
0 0.482713 0.508258 0.132092 0.057958
0 0.702571 0.374474 0.113771 0.252853
0 0.320035 0.507808 0.105201 0.0468468
0 0.302009 0.377027 0.102837 0.257357
0 0.689273 0.367117 0.279846 0.430931
0 0.745124 0.506006 0.054669 0.0444444
0 0.682476 0.508559 0.135638 0.0603604
0 0.287382 0.36997 0.259161 0.425826
0 0.301123 0.223724 0.0856974 0.241441
0 0.499409 0.374174 0.11052 0.251051
0 0.273641 0.457658 0.072695 0.118919
0 0.482713 0.508258 0.132092 0.057958
0 0.702571 0.374474 0.113771 0.252853
0 0.320035 0.507808 0.105201 0.0468468
0 0.302009 0.377027 0.102837 0.257357
0 0.689273 0.367117 0.279846 0.430931
0 0.745124 0.506006 0.054669 0.0444444
0 0.682476 0.508559 0.135638 0.0603604
0 0.287382 0.36997 0.259161 0.425826
0 0.301123 0.223724 0.0856974 0.241441
0 0.499409 0.374174 0.11052 0.251051
0 0.273641 0.457658 0.072695 0.118919
0 0.482713 0.508258 0.132092 0.057958
0 0.702571 0.374474 0.113771 0.252853
0 0.320035 0.507808 0.105201 0.0468468
0 0.302009 0.377027 0.102837 0.257357
0 0.689273 0.367117 0.279846 0.430931
0 0.745124 0.506006 0.054669 0.0444444
0 0.682476 0.508559 0.135638 0.0603604
0 0.287382 0.36997 0.259161 0.425826
0 0.301123 0.223724 0.0856974 0.241441
0 0.499409 0.374174 0.11052 0.251051
0 0.273641 0.457658 0.072695 0.118919
0 0.482713 0.508258 0.132092 0.057958
0 0.702571 0.374474 0.113771 0.252853
0 0.320035 0.507808 0.105201 0.0468468
0 0.302009 0.377027 0.102837 0.257357
0 0.689273 0.367117 0.279846 0.430931
0 0.745124 0.506006 0.054669 0.0444444
0 0.682476 0.508559 0.135638 0.0603604
0 0.287382 0.36997 0.259161 0.425826
0 0.301123 0.223724 0.0856974 0.241441
0 0.499409 0.374174 0.11052 0.251051
0 0.273641 0.457658 0.072695 0.118919
0 0.482713 0.508258 0.132092 0.057958
0 0.702571 0.374474 0.113771 0.252853
0 0.320035 0.507808 0.105201 0.0468468
0 0.302009 0.377027 0.102837 0.257357
0 0.689273 0.367117 0.279846 0.430931
0 0.745124 0.506006 0.054669 0.0444444
0 0.682476 0.508559 0.135638 0.0603604
0 0.287382 0.36997 0.259161 0.425826
0 0.301123 0.223724 0.0856974 0.241441
0 0.499409 0.374174 0.11052 0.251051
0 0.273641 0.457658 0.072695 0.118919
0 0.482713 0.508258 0.132092 0.057958
0 0.702571 0.374474 0.113771 0.252853
0 0.320035 0.507808 0.105201 0.0468468
0 0.302009 0.377027 0.102837 0.257357
0 0.689273 0.367117 0.279846 0.430931
0 0.745124 0.506006 0.054669 0.0444444
0 0.682476 0.508559 0.135638 0.0603604
0 0.287382 0.36997 0.259161 0.425826
0 0.301123 0.223724 0.0856974 0.241441
0 0.499409 0.374174 0.11052 0.251051
0 0.273641 0.457658 0.072695 0.118919
0 0.482713 0.508258 0.132092 0.057958
0 0.702571 0.374474 0.113771 0.252853
0 0.320035 0.507808 0.105201 0.0468468
0 0.302009 0.377027 0.102837 0.257357
0 0.689273 0.367117 0.279846 0.430931
0 0.745124 0.506006 0.054669 0.0444444
0 0.682476 0.508559 0.135638 0.0603604
0 0.287382 0.36997 0.259161 0.425826
0 0.301123 0.223724 0.0856974 0.241441
0 0.499409 0.374174 0.11052 0.251051
0 0.273641 0.457658 0.072695 0.118919
0 0.482713 0.508258 0.132092 0.057958
0 0.702571 0.374474 0.113771 0.252853
0 0.320035 0.507808 0.105201 0.0468468
0 0.302009 0.377027 0.102837 0.257357
0 0.689273 0.367117 0.279846 0.430931
0 0.745124 0.506006 0.054669 0.0444444
0 0.682476 0.508559 0.135638 0.0603604
0 0.287382 0.36997 0.259161 0.425826
0 0.301123 0.223724 0.0856974 0.241441
0 0.499409 0.374174 0.11052 0.251051
0 0.273641 0.457658 0.072695 0.118919
0 0.482713 0.508258 0.132092 0.057958
0 0.702571 0.374474 0.113771 0.252853
0 0.320035 0.507808 0.105201 0.0468468
0 0.302009 0.377027 0.102837 0.257357
0 0.689273 0.367117 0.279846 0.430931
0 0.745124 0.506006 0.054669 0.0444444
0 0.682476 0.508559 0.135638 0.0603604
0 0.287382 0.36997 0.259161 0.425826
0 0.301123 0.223724 0.0856974 0.241441
0 0.499409 0.374174 0.11052 0.251051
0 0.273641 0.457658 0.072695 0.118919
0 0.482713 0.508258 0.132092 0.057958
0 0.702571 0.374474 0.113771 0.252853
0 0.320035 0.507808 0.105201 0.0468468
0 0.302009 0.377027 0.102837 0.257357
0 0.689273 0.367117 0.279846 0.430931
0 0.745124 0.506006 0.054669 0.0444444
0 0.682476 0.508559 0.135638 0.0603604
0 0.287382 0.36997 0.259161 0.425826
0 0.301123 0.223724 0.0856974 0.241441
0 0.499409 0.374174 0.11052 0.251051
0 0.273641 0.457658 0.072695 0.118919
0 0.482713 0.508258 0.132092 0.057958
0 0.702571 0.374474 0.113771 0.252853
0 0.320035 0.507808 0.105201 0.0468468
0 0.302009 0.377027 0.102837 0.257357
0 0.689273 0.367117 0.279846 0.430931
0 0.745124 0.506006 0.054669 0.0444444
0 0.682476 0.508559 0.135638 0.0603604
0 0.287382 0.36997 0.259161 0.425826
0 0.301123 0.223724 0.0856974 0.241441
0 0.499409 0.374174 0.11052 0.251051
0 0.273641 0.457658 0.072695 0.118919
0 0.482713 0.508258 0.132092 0.057958
0 0.702571 0.374474 0.113771 0.252853
0 0.320035 0.507808 0.105201 0.0468468
0 0.302009 0.377027 0.102837 0.257357
0 0.689273 0.367117 0.279846 0.430931
0 0.745124 0.506006 0.054669 0.0444444
0 0.682476 0.508559 0.135638 0.0603604
0 0.287382 0.36997 0.259161 0.425826
0 0.301123 0.223724 0.0856974 0.241441
0 0.499409 0.374174 0.11052 0.251051
0 0.273641 0.457658 0.072695 0.118919
0 0.482713 0.508258 0.132092 0.057958
0 0.702571 0.374474 0.113771 0.252853
0 0.320035 0.507808 0.105201 0.0468468
0 0.302009 0.377027 0.102837 0.257357
0 0.689273 0.367117 0.279846 0.430931
0 0.745124 0.506006 0.054669 0.0444444
0 0.682476 0.508559 0.135638 0.0603604
0 0.287382 0.36997 0.259161 0.425826
0 0.301123 0.223724 0.0856974 0.241441
0 0.499409 0.374174 0.11052 0.251051
0 0.273641 0.457658 0.072695 0.118919
0 0.482713 0.508258 0.132092 0.057958
0 0.702571 0.374474 0.113771 0.252853
0 0.320035 0.507808 0.105201 0.0468468
0 0.302009 0.377027 0.102837 0.257357
0 0.689273 0.367117 0.279846 0.430931
0 0.745124 0.506006 0.054669 0.0444444
0 0.682476 0.508559 0.135638 0.0603604
0 0.287382 0.36997 0.259161 0.425826
0 0.301123 0.223724 0.0856974 0.241441
0 0.499409 0.374174 0.11052 0.251051
0 0.273641 0.457658 0.072695 0.118919
0 0.482713 0.508258 0.132092 0.057958
0 0.702571 0.374474 0.113771 0.252853
0 0.320035 0.507808 0.105201 0.0468468
0 0.302009 0.377027 0.102837 0.257357
0 0.689273 0.367117 0.279846 0.430931
0 0.745124 0.506006 0.054669 0.0444444
0 0.682476 0.508559 0.135638 0.0603604
0 0.287382 0.36997 0.259161 0.425826
0 0.301123 0.223724 0.0856974 0.241441
0 0.499409 0.374174 0.11052 0.251051
0 0.273641 0.457658 0.072695 0.118919
0 0.482713 0.508258 0.132092 0.057958
0 0.702571 0.374474 0.113771 0.252853
0 0.320035 0.507808 0.105201 0.0468468
0 0.302009 0.377027 0.102837 0.257357
0 0.689273 0.367117 0.279846 0.430931
0 0.745124 0.506006 0.054669 0.0444444
0 0.682476 0.508559 0.135638 0.0603604
0 0.287382 0.36997 0.259161 0.425826
0 0.301123 0.223724 0.0856974 0.241441
0 0.499409 0.374174 0.11052 0.251051
0 0.273641 0.457658 0.072695 0.118919
0 0.482713 0.508258 0.132092 0.057958
0 0.702571 0.374474 0.113771 0.252853
0 0.320035 0.507808 0.105201 0.0468468
0 0.302009 0.377027 0.102837 0.257357
0 0.689273 0.367117 0.279846 0.430931
0 0.745124 0.506006 0.054669 0.0444444
0 0.682476 0.508559 0.135638 0.0603604
0 0.287382 0.36997 0.259161 0.425826
0 0.301123 0.223724 0.0856974 0.241441
0 0.499409 0.374174 0.11052 0.251051
0 0.273641 0.457658 0.072695 0.118919
0 0.482713 0.508258 0.132092 0.057958
0 0.702571 0.374474 0.113771 0.252853
0 0.320035 0.507808 0.105201 0.0468468
0 0.302009 0.377027 0.102837 0.257357
